819.9878670095018
1214.3231015006872
426.3996550689822
425.77713531875185
2674.760738673825
759.3236356573772
1181.7499963418734
93.59322055743502
1333.5996687614909
1455.3067639466103
365.3985984669946
1607.0541496367316
3907.04190983434
1393.492492650877
1091.9434161863658
66.7648762374377
157.0341263703567
96.42548932888756
460.2499674321528
66.33528598638651
66.79096607817931
66.78234506961022
247.58494067771971
126.58541160380062
157.6280429989631
156.2630896785177
399.710838387884
186.6912059153277
156.64718273310248
217.86437286729353
399.3476239476634
308.13280336548183
2368.477718594922
156.65203922336082
67.00379494236375
126.34149511141996
65.36706590183876
66.1285968174029
96.35742455838418
247.51913203245516
400.2565534718058
